PACTADO; 145;
PADRE; 66,68,67;
PADRES; 67,68,66;
PALABRA; 8,61;
PALETA; 172;
PANTALLA; 8,20,58,56,54,25,246,238,234,142,72,63,61,44,40,39,38,28,27,26,22,21,19,13,7,247,242,241,239,237,236,235,232,230,229,226,213,212,210,209,208,206,204,194,184,179,177,166,162,158,157,156,151,149,141,137,132,106,97,96,94,91,89,88,87,86,85,81,80,78,76,75,74,73,69,68,67,64,62,51,50,49,48,47,45,43,42,37,35,34,31,23,18,16,15,14,12,9;
PAPEL; 8;
PAQUETEO; 139;
PARA; 162,12,90,27,26,47,149,92,71,34,23,22,239,231,204,196,193,94,91,39,37,33,31,25,16,15,237,236,234,230,205,185,166,160,143,128,117,116,93,88,85,76,75,74,49,48,44,43,40,38,32,21,20,19,14,9,7,3,246,242,235,224,223,220,215,213,211,208,201,200,187,181,177,175,170,167,165,158,156,154,151,145,137,136,134,132,131,123,103,99,96,95,87,81,79,73,72,64,63,61,46,45,35,28,18,8,247,244,241,240,238,233,229,228,225,222,219,218,214,212,210,209,206,203,195,191,188,186,184,180,179,174,169,168,164,159,157,153,148,146,144,142,140,139,138,135,133,129,127,125,124,122,119,114,113,112,111,110,109,108,107,105,104,102,100,97,86,84,80,78,69,68,66,59,58,57,56,54,53,51,50,42,36,30,13;
PARAMETRIZACIÓN; 238,137,241,237,205,170,168;
PARAMETRIZADA; 137;
PARAMETRIZADO; 53;
PARAMETRIZAR; 205,137,237,213;
PARAMETRIZÓ; 57;
PARCIAL; 241;
PARCIALMENTE; 3;
PARTE; 136,225,236,149,244,242,235,234,233,226,213,212,194,191,169,159,152,139,134,122,97,96,58,56,54,50,35,22;
PARTIR; 99;
PARÁMETRO; 146,103;
PARÁMETROS; 170,179,57,53;
PASADO; 31,100;
PASANDO; 70;
PASARÍA; 156;
PASO; 100;
PASSWORD_CLIENTE; 2;
PAZ; 30;
PC; 68,66,67,65,69;
PDF; 141,119,114,112,111,110,109,107;
PENALES; 30;
PENDIENTE; 58,56,54;
PENDIENTES; 138,136,139,132,112,100;
PENSIONES; 31;
PERFIL; 160,149,159,158,156,169,167,157,180,165;
PERFILES; 157,155,169,159,158,156,193,160,149,168,167,165,147;
PERIODOS; 105;
PERMISO; 3;
PERMISOS; 156,149,169,160,155,151,9;
PERMITA; 22;
PERMITE; 31,27,8,228,213,191,147,98,94,84,83,82,81,79,78,75,74,23,9;
PERMITEN; 115;
PERMITIDAS; 31;
PERMITIDO; 47;
PERMITIRÁ; 196,159,45,40,34,9,8;
PERO; 160,85,225,178,118,97,96,76,71,50,21,15;
PERSONA; 37,149,61,60,9,3;
PERSONAL; 31;
PERSONALES; 31;
PERSONAS; 47,55,36;
PERTENECE; 208,12;
PERTENECEN; 108;
PERTENECIENTES; 237;
PESADA; 59;
PESO; 47,85,42;
PESTAÑA; 9,136,138,208;
PESTAÑAS; 138,136,208,139;
PHP; 27,7,6,2;
PIES; 8;
PLACA; 225,154,85,51,50,48,47,144,143,130,119,106,104,92,58,49,45,44,43;
PLAN; 95,94,97,96,93,88,170,102,101,98,71,60;
PLANEADA; 113;
PLANEADAS; 71;
PLANES; 93;
PLANO; 90,84;
PLANOS; 231,228;
PLANTA; 135,212,189;
PLANTILLA; 90,231;
PLATAFORMA; 193;
PODER; 161,90,12;
PODRÁ; 9,50,138,102,86,64,21,160,156,149,117,116,87,71,69,51,45,40,28,15,8,234,213,201,200,199,196,195,189,186,185,175,174,173,169,164,163,158,157,151,150,135,118,111,105,104,101,100,99,95,92,90,89,85,80,76,74,73,72,68,67,66,63,61,58,56,55,54,49,48,44,43,39,38,34,33,32,31,20,19,18,13;
POLICÍA; 30;
POR; 136,3,125,124,117,8,140,129,128,118,119,116,26,12,240,162,132,123,122,112,111,110,60,27,223,139,105,90,61,23,9,239,237,224,222,216,215,189,149,143,138,137,130,126,113,104,100,85,76,70,66,52,48,5,245,241,238,236,231,219,214,205,204,201,200,199,196,195,192,187,186,181,179,175,174,170,165,164,160,159,158,156,154,153,147,146,142,135,134,127,121,108,106,101,91,89,86,84,82,79,75,57,53,50,47,45,44,41,40,39,36,31,30,25,20,19,18,13,11,6;
PORCENTAJE; 136,134;
PORCENTAJES; 136,139;
PORQUE; 15;
POSEE; 231,208;
POSEEDOR; 47,37,31,46;
POSEEDORES; 55,36;
POSIBLE; 237,236,136,106,247,245,244,242,240,239,238,235,234,233,232,226,225,205,168,154,147,139,137,130,93,59,52,40,34,29,7;
POSIBLES; 102;
POSTERIOR; 42,186;
POSTERIORES; 12;
POSTERIORMENTE; 94,87,86;
PRECIOS; 11;
PREDETERMINADA; 57,53;
PREESTABLECIDOS; 115;
PREFERENCIA; 136,238,230,226,213,212,211,146,145,143,142,140,139,138;
PREFIJO; 7;
PREGUNTA; 7;
PRESENCIAL; 60;
PRESENTA; 138,142;
PRESENTAN; 225;
PRESENTEN; 102;
PRESIONANDO; 7;
PREVIAMENTE; 71,47,94,85,212,149,90,60,53,46,26;
PREVIO; 3;
PRIMER; 99,71,37,31;
PRIMERA; 12;
PRIMERO; 224,220,218,32,8;
PRINCIPAL; 12,1,226,102,99,22;
PRINCIPALMENTE; 231;
PROBAR; 92;
PROCEDE; 90;
PROCEDIMIENTO; 231,226;
PROCEDIMIENTOS; 115,30;
PROCESADOR; 6;
PROCESO; 15,9,230,196,175,166,135,71,7;
PRODUCTO; 234,236,212,210,189,115;
PRODUCTOS; 234,233,115;
PROGRAMADA; 9,94;
PROHIBIDA; 3;
PROMEDIO; 135,71;
PROPIA; 192;
PROPIEDAD; 42,3;
PROPIETARIO; 47,37,42,31,8,46;
PROPIETARIOS; 55,36;
PROPIO; 47;
PROTOCOLO; 206,204,161,203;
PROTOCOLOS; 204,203,202,189,206,205;
PROVEEDORES; 52;
PROVEER; 147;
PROYECCIÓN; 128,127;
PTO; 111;
PUBLICACIÓN; 3;
PUEDA; 162,230,115,90,33;
PUEDAN; 162,68,7;
PUEDE; 61,13,215,148,128,126,124,122,120,116,114,88,23,181,178,172,166,146,143,142,140,139,132,125,123,121,119,118,117,113,112,111,110,109,107,97,96,85,80,75,74,73,72,48,40,34,28,26,14,3,245,239,238,237,236,233,231,229,227,225,224,223,222,220,219,218,216,211,199,198,195,194,193,192,189,188,187,185,184,180,179,177,170,169,167,165,162,159,156,153,152,149,145,144,141,138,136,135,134,131,130,129,127,115,108,104,102,101,100,91,89,87,86,71,67,66,62,59,50,45,43,38,35,32,27,22,20,19,16,15,11,8,7;
PUEDEN; 155,60,192,189,160,118,55,36;
PUESTO; 61,26,71,64,162,66,111,101,99,69,67,63,213,170,146,104,94,68,62,60,28;
PUESTOS; 71,26,64,60,25,67,63,62,69,61,68,66,28,24,111,94,59,146,140,105,102,101,100,75,70,11;
PUNTO; 70,60,27;
PUNTOS; 111,60,22,12;
PÁGINA; 37,8,1;
PÓLIZA; 37,85;
