VA; 71,47,246,237,229,209,206,141,100,99,91,76,61,42;
VACÍO; 47,42;
VALIDAR; 216;
VALOR; 23,85,218,216,214,170;
VAN; 66;
VARIARÁN; 132;
VARIAS; 206,55,36;
VARIOS; 159,155,26,12;
VAYA; 247,235,230,213,212,211,210,209,208,206,205,204,203,159,152,90,18,8;
VEHICULO; 47;
VEHÍCULO; 47,50,48,99,92,60,58,51,189,154,135,101,71,49,46,31,225,212,192,130,106,104,100,85,70,42,40,34,8;
VEHÍCULOS; 113,57,49,48,58,50,46,156,121,120,55,51,211,189,105,52,47,41,36,29,8;
VELOCIDAD; 6;
VENCIMIENTO; 47,31,12;
VENTAJAS; 161;
VENTANA; 8,239,236,149,138,137,90,28,247,242,235,234,224,220,218,166,160,159,153,152,110,108,104,102,97,96,94,35,27,26,25,7;
VER; 8,223,219,201,200,146,145,138,136,135,126,118,105,50,43,25,7;
VERDE; 142;
VERIFICA; 100;
VERIFICACIÓN; 37,30,12;
VERIFICAR; 28;
VERSIÓN; 6;
VERTICAL; 8;
VERÁ; 8;
VERÍDICA; 30;
VEZ; 8,230,229,71,12,7,246,242,241,240,238,237,234,231,226,213,211,210,209,208,206,205,204,154,146,145,144,142,141,140,139,137,134,128,101,100,69,66,47,31,18,9;
VIA; 138;
VIAJA; 230,228;
VIAJE; 142,143,138,135;
VIAJES; 142,31,240,131;
VIALES; 235,233,66,61;
VIDA; 35,51;
VIGENCIA; 12;
VIGENTE; 31;
VINCULACIÓN; 47,55,36;
VINCULADO; 47,55;
VIRTUAL; 61;
VIRTUALES; 60,71;
VISIBILIDAD; 193;
VISIBLE; 193;
VISUALES; 174,173,172,171,175,168;
VISUALIZA; 227,100,99,74,64;
VISUALIZACIÓN; 5;
VISUALIZAR; 138,215,134,128,120,117,116,111,102,86,80,48,38,13,9,245,236,230,227,213,212,210,208,205,189,185,181,160,157,156,150,148,146,145,144,143,142,140,139,136,135,132,131,122,121,119,118,114,112,110,109,108,107,106,105,101,97,96,91,88,87,72,69,67,66,64,51,50,45,43,40,34,32,27,26,23,21,15,11;
VISUALIZARÁ; 9,196,159,90,49,242,232,230,199,188,179,178,172,169,165,164,163,152,122,121,119,100,95,92,89,42,34,33,28,22,21,19,16,15,14;
VOL; 42;
VOLADIZO; 42;
VOLVERÁN; 68;
VÍA; 71,193,75;
