MA; 120,27,130;
MAC; 6;
MAESTRAS; 237;
MAGNÉTICO; 3;
MAIL; 37,18,12;
MANEJA; 29;
MANEJARLA; 30;
MANEJO; 214,90,12;
MANERA; 136,135,229,228,195,144,139,137,134,128,126,124,123,120,115,102,100,92,90,89,79,64,62,57,53,42,35,33,30,25,23,13;
MANIFIESTO; 154,144,142,131,104,95,92,12;
MANIFIESTOS; 106,12,31,142;
MANTIENE; 193;
MANUAL; 214,2,1;
MANUALES; 214;
MANUALMENTE; 230;
MARCA; 47,42,27;
MARCANDO; 13;
MARCAR; 177,166,16;
MARCAS; 41;
MARQUE; 37,162,193,94,23,12,170,169,32,26,13;
MAS; 136,9,196,138;
MASCULINO; 31;
MASIVA; 12;
MASIVO; 12;
MAYOR; 66,61,9;
MB; 61;
MECÁNICA; 47;
MECÁNICAS; 47;
MECÁNICO; 3;
MEDELLÍN; 156;
MEDIDA; 42;
MEDIO; 223,219,216,201,200,196,195,189,187,186,179,175,174,165,164,160,159,158,147,138,121,117,116,105,90,84,52,45,44,40,39,12,3;
MEDIOS; 85;
MEGA; 6;
MEMORIA; 6;
MENCIONADOS; 55;
MENOS; 136;
MENSAJE; 8,28,154,141,127,103,92,74,69,68,66,34,232,212,198,196,177,159,91,90,88,81,71,64,50,45,40,21,15;
MENSAJES; 179,176,178,177,5;
MENSUAL; 132;
MENÚ; 8,10,226,156,90;
MERCANCÍA; 139,85,31;
MERCANCÍAS; 31,115,61,47,12;
MG; 42;
MIN; 27,179,71;
MINISTERIO; 12,82,47,30,23,11;
MINUTOS; 27,91,71;
MISMA; 195,22,235,223,219,205,196,194,191,101,80,78,75,74,73,72,28,27,26,25,21,16,15,13;
MISMAS; 66,49;
MISMO; 242,167,23,247,236,234,231,213,201,186,180,172,165,160,159,157,153,152,150,145,136,120,119,114,112,111,110,109,108,107,101,100,99,90,88,86,76,63,61,58,56,54,51,50,46,43,40,35,34,32,8;
MISMOS; 227,148,87,84,51,50,33;
MM; 12,85,8;
MODALIDAD; 12,9;
MODALIDADES; 9;
MODELO; 47,42;
MODIFICACIONES; 44,39;
MODIFICACIÓN; 142;
MODIFICADA; 33;
MODIFICADAS; 118;
MODIFICADOS; 160;
MODIFICAR; 186,164,73,14,200,195,174,158,151,79,68,63,61,44,39,33,23,20;
MODIFICARLA; 225;
MODIFICARLE; 153;
MODIFICARÁ; 153;
MODIFIQUE; 200,195,174,164,87,79,63,49,20;
MODULO; 214,202;
MOMENTO; 237,115,9,177,82,66;
MONITOREADOS; 120,105;
MONITOREO; 187,184,185,226,186,168,127,27;
MOSTRAMOS; 90;
MOSTRARÁ; 8,238,247,246,242,241,239,237,235,234,232,230,229,226,210,209,208,204,196,159,142,141,137,135,132,126,106,90,61,58,56,54,21,16,15,14;
MOTOR; 47;
MOVILICE; 31;
MOVILIZAR; 47,31;
MUCHOS; 131,61;
MUESTRA; 131,117,92,23,239,238,236,235,213,203,193,173,166,154,149,145,144,139,138,137,135,134,120,119,118,116,106,104,103,90,81,69,68,67,66,43,38,27,13,8;
MUESTRAN; 223,219,187,186,185,170,136,126,115,114,92,91,87,86,81,80,58,56,54,51,50,48,43,38;
MULTA; 170;
MULTAS; 30;
MUNICIPIO; 71,85;
MYSQL; 6;
MÁRGENES; 8;
MÁS; 22,178,156,122,70,21,12;
MÍNIMO; 6,218;
MÍNIMOS; 6;
MÓDULO; 216,189,156,147,98,30,11,243,233,230,228,227,225,221,217,215,207,197,192,190,183,182,176,171,168,161,155,149,148,133,105,104,93,84,77,70,65,60,59,52,46,41,36,29,26,24,17;
MÓDULOS; 156;
MÓVIL; 154,138,31;
MÓVILES; 177,147;
