FACILITAR; 59;
FACILITARÁ; 9;
FACTOR; 31;
FACTURACIÓN; 226,218;
FARO; 226,27,11;
FAROLES; 61;
FASE; 9;
FAVOR; 137,3;
FAX; 37,18,12;
FECHA; 47,31,12,117,116,187,184,142,112,225,218,134,118,113,94,85,186,167,146,140,131,106,104,100,99,48;
FECHA/HORA; 225;
FECHAS; 230,226,139,120,117,215,145,144,143,140,136,132,129,128,125,124,123,122,121,119,116,87,86,48;
FEMENINO; 31;
FESTIVOS; 137;
FIGURE; 8;
FIJO; 37,60,31;
FILA; 94,90;
FILTRADO; 136,122,239,238,205,140,130,128,126,123,120,117,116;
FILTRAR; 162,215,76,245,237,234,232,211,199,185,181,146,145,143,142,139,124,123,117,116,115,113,104,92,88,86,49,48,43,38,34,33,22,21,20,19,16,15,14,13;
FILTRE; 186,50;
FILTRO; 162,238,237,230,226,193,146,145,144,106,91,89,87,86,35,32,9;
FILTROS; 9,238,223,219,134,126,121,115,114,91,87,81,80,76,58,56,54,51,48,45,44,40,39,35;
FIN; 230,93;
FINAL; 187,184,117,116,218,186,146,140,134,126,114,91,81,22,12;
FINALIZADO; 114,12;
FINALIZADOS; 114,226,139,105;
FINALIZAR; 149,23,225,224,220,218,201,200,196,195,193,188,187,184,181,179,174,172,170,169,166,164,162,160,158,153,151,104,100,99,95,92,90,88,87,79,78,74,73,64,63,61,49,47,44,42,39,33,20,16,14;
FINALMENTE; 94;
FINANCIERA; 226;
FISICOS; 146;
FLETE; 23;
FLETES; 23,11;
FLUJO; 115;
FONDO; 31;
FONDOS; 90;
FORMA; 5,106,69,8,3;
FORMATO; 12,97,90,47,42,96,61,51,35,31;
FORMULACIÓN; 212,211;
FORMULARIO; 31,47,12,8,230,208,170,149,102,92,23,241,229,209,204,90,37,33,18,246,242,237,235,234,225,224,222,213,206,200,196,195,193,184,172,166,162,156,137,122,110,108,104,101,94,87,85,74,73,71,63,49,44,39,34,32,27,15,14,244,240,239,238,236,232,231,227,226,223,220,219,218,210,205,203,201,199,198,194,191,187,186,185,181,179,178,177,175,174,169,167,165,164,160,159,158,157,154,153,152,151,150,146,145,144,143,142,141,140,136,134,132,131,129,128,127,126,125,124,123,121,120,119,118,117,116,115,114,113,112,111,109,107,106,103,100,99,95,91,89,88,82,81,79,78,75,66,64,61,50,48,45,42,40,28,26,22,21,20,19,16,13;
FOTO; 61,31,47,42;
FOTOQUÍMICO; 3;
FOTOS; 47,61;
FOTOSTÁTICO; 3;
FRECUENCIA; 66,61;
FRECUENTES; 22;
FRENTE; 12,175,167,61;
FUE; 71,47,12;
FUERA; 193;
FUERON; 136;
FUNCIONALIDAD; 143;
FUNCIONARIO; 209,149;
FUNCIONARIOS; 208,155,148;
FUNCIONES; 237;
FUTURA; 112;
FÁCIL; 12;
FÁCILMENTE; 156;
FÍSICO; 61,115;
FÍSICOS; 60,71;
