E-MAIL; 37,12;
EAL; 28,120,27,130;
EAL/MA; 120,27;
EDICIÓN; 235,234;
EDITAR; 212,235,234,213;
EFECTO; 12;
EFECTUARÁN; 206;
EFICIENTE; 5;
EJ; 61,47,31,8,156,42;
EJE; 193;
EJECUTADA; 232;
EJECUTADAS; 213;
EJECUTAR; 246,98;
EJECUTARÁ; 240;
EJECUTÓ; 8;
EJEMPLO; 156,108,90,55,36,27;
EL; 8,31,47,37,12,61,27,136,23,85,42,230,139,90,26,225,71,40,34,7,226,162,142,100,237,149,99,94,92,91,74,64,234,213,196,160,145,144,120,67,60,28,9,236,205,159,138,135,134,123,108,102,69,45,18,240,235,212,206,204,187,172,167,156,154,153,141,140,117,105,103,97,96,95,88,82,75,68,66,35,11,247,246,242,231,216,208,201,195,193,181,166,143,132,131,122,104,101,93,81,78,73,63,50,22,20,241,239,238,232,227,200,199,191,189,185,179,146,137,129,128,127,126,118,116,106,89,87,80,72,48,46,44,39,25,19,245,244,233,228,224,223,220,219,218,209,198,194,188,186,184,180,177,175,170,169,165,164,158,157,152,151,147,125,114,112,111,110,109,107,86,84,79,70,62,56,54,43,38,33,30,21,15,13,3,229,222,214,210,203,192,190,178,174,173,163,161,133,124,119,115,113,98,83,76,59,58,57,53,51,49,36,32,29,16,5;
ELABORAR; 226,93;
ELECTRO; 3;
ELECTRO-ÓPTICO; 3;
ELECTRONICO; 237;
ELECTRÓNICA; 7;
ELECTRÓNICO; 37,149,18,12,3;
ELEGIDO; 230;
ELEGIR; 143,8;
ELIJA; 8;
ELIMINA; 21,15;
ELIMINACIÓN; 15,242,239,236,235,234,152,64,21,8;
ELIMINAR; 34,40,50,21,196,74,64,45,175,159,15,201,165,88,152,95,8,247,235,242,239,236,234,211,240,233,232,213,212,205,189,156,147,93,84,69,59,29;
ELIMINARLA; 74,21,15;
ELIMINARLE; 95;
ELIMINARLO; 159,88,64,45,40,34;
ELIMINE; 90;
EMAILS; 180,181;
EMBARGO; 61;
EMERGENTE; 31;
EMITIÓ; 12;
EMPEZAR; 102;
EMPLEADO; 37,237,5;
EMPRESA; 31,137,237,125,122,241,240,222,221,206,183,170,223,209,208,36,12,245,244,239,236,232,231,228,224,216,210,189,187,186,185,184,179,178,177,172,168,156,148,145,134,133,130,127,79,60,55,30,29,26,18,11;
EMPRESAS; 231,79,70,66,61,5;
EN; 8,136,31,9,47,12,42,149,237,138,61,234,230,26,23,135,121,90,71,20,7,235,227,85,27,108,107,37,28,247,242,236,232,213,212,208,145,142,130,104,102,101,87,69,43,38,22,3,246,240,238,226,219,209,205,204,194,181,172,156,144,139,115,100,99,97,96,92,91,86,75,74,68,67,64,63,60,44,39,19,18,13,241,239,231,229,223,210,206,203,201,199,196,185,184,177,170,169,166,158,157,153,151,141,140,137,132,128,122,118,117,116,89,88,73,66,58,56,54,53,50,48,45,40,34,218,215,200,195,193,189,188,186,179,178,175,173,167,165,164,163,162,160,159,154,152,150,146,134,131,127,126,124,123,120,119,113,111,106,94,78,76,72,62,57,35,33,32,30,25,21,245,244,233,228,225,224,222,220,211,198,191,187,174,168,148,147,143,129,125,114,109,105,103,95,82,80,79,49,41,36,16,15,14,5;
ENCABEZADO; 213;
ENCABEZADOS; 8;
ENCARGADA; 61;
ENCARGADO; 61,59;
ENCONTRADAS; 225,28,27;
ENCONTRADOS; 8,129;
ENCONTRAR; 93,8;
ENCONTRARÁ; 213,212,208,145,136,133,103,45,44,40,39,8;
ENCRIPTACIÓN; 7;
ENCRIPTADA; 7;
ENCRIPTADO; 7;
ENCUENTRA; 71,21,15,12,9,214,212,205,196,127,121,108,104,102,94,61,60,47,35,18;
ENCUENTRAN; 144,121,113,110,107,9,227,203,145,143,139,130,123,112,111,109,108,100,90,83,67,58,56,54;
ENCUENTRE; 40,101,34,9;
ENCUENTREN; 21;
ENTER; 7;
ENTIDAD; 31;
ENTRADA; 9;
ENTRE; 138,106,238,233,210,146,144,143,142,139,135,134,131,130,67,55,36,30,23,8;
ENTREGA; 9;
ENTREGAS; 230;
ENVIAR; 240;
ENVIARÁ; 237,99;
ENVIE; 177;
ENVÍO; 179;
EPS; 31;
EQUIPO; 31;
EQUIPOS; 6;
ERROR; 92,40,3;
ERRORES; 90;
ES; 37,61,3,237,117,116,31,5,236,226,136,106,76,40,30,12,247,245,244,242,240,239,238,235,234,233,232,231,225,218,216,205,189,168,161,156,154,149,147,145,139,137,132,130,129,119,104,102,101,100,98,94,93,90,85,74,71,70,66,64,60,59,52,34,29,27,25,22,8,7;
ESA; 8;
ESCOGER; 140;
ESCOJA; 66;
ESCRIBA; 8,71;
ESCRIBIR; 7;
ESCRITO; 7,3;
ESFERA; 124;
ESFERAS; 146,124,27;
ESPACIO; 104,160,8;
ESPECIAL; 193;
ESPECIALES; 37,102,47;
ESPECIFICO; 9;
ESPECÍFICA; 223,219,124,121,91,87,86,80,43,38,32;
ESPECÍFICAMENTE; 215;
ESPECÍFICO; 128,167,119,118,48,32,13;
ESPECÍFICOS; 59,45,44,40,39,34,33,9;
ESTA; 37,162,71,31,23,12,61,27,9,21,246,193,131,102,100,92,90,89,85,79,75,69,64,62,47,35,26,25,15,13,7,3,247,245,244,242,241,240,239,238,237,236,235,234,232,231,229,226,224,223,222,220,219,218,213,198,196,195,191,188,184,180,177,172,170,169,167,166,156,154,153,152,149,141,137,124,123,120,103,101,99,97,96,95,94,91,88,87,86,83,82,81,80,78,76,74,73,72,68,67,63,57,53,51,50,42,34,33,28,22,20,19,18,16,14,8,5;
ESTABLECIDO; 135,99;
ESTABLECIDOS; 60;
ESTACIÓN; 61;
ESTADO; 52,153,108,239,236,179,144,76,67,58,57,56,55,54,53,26,16;
ESTADOS; 58,56,54;
ESTADÍA; 135,212,189;
ESTAR; 85,50,45,26;
ESTAS; 8;
ESTE; 12,3,126,144,143,125,124,121,119,118,116,114,112,111,110,109,107,30,7,243,231,230,227,225,221,219,217,215,214,207,202,197,192,189,183,182,176,171,169,168,166,161,159,155,153,149,148,146,145,142,140,139,138,136,135,134,133,132,130,129,128,127,123,122,120,117,113,108,106,104,100,98,93,90,88,84,82,77,74,70,65,64,61,60,59,50,46,45,41,36,35,28,24,23,21,17,15,11,9,8;
ESTIMACIONES; 212;
ESTIMACIÓN; 212;
ESTIMADO; 212,189,106;
ESTO; 8,15,247,230,222,218,213,196,195,193,191,188,187,186,185,181,180,167,165,159,158,156,151,140,132,129,128,127,123,117,116,104,94,90,85,79,75,74,73,72,69,64,57,53,47,31,28,27,25,22,20,19,16,14,13,12;
ESTOS; 226,170,78,69,63,57,8;
ESTRUCTURACIÓN; 208;
ESTÁ; 149,71,31,193,61,47,23,12,162,85,27,225,175,167,159,156,88,74,64,55,50,45,41,40,34,28,3;
ESTÁN; 166,148,31,9;
ESTÁNDAR; 216,47;
ESTÉ; 196,201,175,95,74,64,40;
ESTÉN; 165,159,50;
ETAPA; 136,9;
ETC; 108,102,90;
EVENTUALIDAD; 231;
EVITARÁ; 7;
EXACTA; 61;
EXAMINAR; 90,61,47,42,31;
EXCEL; 126,125,124,123,122,121,118,116,114,112,111,110,109,107;
EXHAUSTIVA; 66,61;
EXISTAN; 194;
EXISTE; 61,8;
EXISTEN; 8;
EXISTENTES; 213,149,82,28;
EXISTIR; 60,55,36;
EXITOSA; 8,71;
EXPEDICIÓN; 141;
EXPEDIR; 141;
EXPLICAMOS; 8;
EXPORTACIÓN; 139;
EXPORTARLO; 126,125,124,123,122,121,119,118,116,114,112,111,110,109,107;
EXPRESA; 3;
EXPRESS; 47;
EXTENDERSE; 136;
