HA; 8,230,154,100,53;
HABER; 71,47,46;
HABERLE; 47;
HABILITACIONES; 12;
HABILITACIÓN; 12,52;
HABILITADOS; 166,158,151,79,73,63;
HABILITAR; 69,8;
HABILITAR/INHABILITAR; 8;
HABILITARAN; 26,33;
HABILITARLOS; 57,53;
HABILITARÁ; 166,102,87;
HABILITARÁN; 174,164;
HABRÁ; 69;
HACE; 194,31;
HACEN; 244,242,236,235,233,192;
HACER; 124,117,116,88,87,86,79,74,73,61,16,15,14,247,230,226,218,215,213,206,204,185,181,149,142,132,123,122,120,110,108,104,102,100,75,72,48,47,25,23,22,21,13,12,8;
HACERLO; 236,26,23;
HACIENDO; 12,8,195,181,120,227,201,199,191,178,160,122,115,113,94,90,81,80,78,75,74,73,61,13;
HAGA; 8,136,235,234,26,240,232,230,205,90,63,47,44,42,33,31,23,22,20,7,247,246,242,239,236,229,223,219,212,211,208,204,201,200,196,193,186,169,167,164,154,145,137,114,91,78,64,61,58,56,54,45,43,40,39,35,34,28,27,25,244,241,237,231,225,224,222,220,218,213,210,209,203,198,195,191,188,187,185,184,181,179,175,174,172,170,166,165,162,160,159,158,157,153,152,151,150,149,146,142,141,140,139,138,135,134,132,129,128,127,126,125,121,119,112,111,110,109,108,107,104,102,101,100,99,97,96,95,94,92,89,87,82,81,80,79,76,75,72,71,69,68,67,62,51,49,48,38,37,32,19,18,12,9;
HAN; 8,114,145,124,26,21,20,19;
HARÁ; 225;
HASTA; 71,70,12,9;
HAY; 219,188,102;
HAYA; 8,7,100,89,88,71,45,26,12,9;
HAYAN; 199,48,38,32;
HECHOS; 192,189;
HERRAMIENTA; 105;
HERRAMIENTAS; 5;
HIJO; 69,66;
HIJOS; 68,67,69;
HIPERVÍNCULO; 209,208,204;
HISTÓRICO; 115;
HOJA; 35,51;
HOMOLOGACIÓN; 28,232,211,65,193,189,82,69,68,67,66;
HOMOLOGADA; 28;
HOMOLOGADOS; 28;
HOMOLOGAR; 82,211,232,28,228;
HOMOLOGARLA; 28;
HORA; 187,184,225,118,167,117,116,106,104,100,94;
HORARIO; 187,185,186,184;
HORARIOS; 185,184,168;
HORAS; 136,71;
HTML; 6;
HTTPS; 7,27,2;
HUMANO; 36;
HURTO; 138;
