DA; 12,23;
DADO; 115,209,89,68;
DANE; 240;
DAR; 100,99,27,12;
DARLE; 101;
DARÁ; 31;
DATO; 61,114,82,75,74,73,72,32,13,9;
DATOS; 31,92,170,47,8,193,44,39,12,232,226,205,200,195,168,148,94,90,85,78,71,61,59,45,43,42,40,34,33,29,20,18,11,7,6;
DD; 12,85;
DE; 12,31,136,8,71,61,47,9,37,27,26,90,139,23,149,120,94,208,85,67,64,230,134,111,102,69,68,25,18,226,142,138,122,60,239,128,126,104,91,66,63,35,20,237,193,179,167,166,143,127,123,73,72,28,5,235,195,140,106,80,75,74,62,51,15,13,236,224,205,204,170,169,135,118,95,78,42,30,22,242,238,213,212,187,172,154,137,124,115,105,101,97,92,79,76,59,48,11,240,232,223,210,200,185,181,156,146,145,144,133,121,119,117,100,99,96,93,81,56,54,49,19,246,241,234,229,227,220,218,211,209,189,186,141,131,125,116,112,108,89,88,58,44,43,34,21,7,3,233,222,219,196,194,191,174,168,164,132,129,113,110,103,87,82,40,39,16,14,247,245,231,225,206,201,184,178,177,162,157,152,151,107,86,70,55,50,38,33,32,6,244,214,199,198,180,159,158,153,150,147,114,109,84,52,45,228,216,215,203,192,188,182,176,175,161,155,46,36,29,24,10,165,163,160,148,130,98,57,41,2,1,207,197,173,53;
DEBE; 12,71,47,37,78,76,74,73,28,218,188,166,122,104,100,90,89,85,79,75,60,57,46,27,8,230,224,222,220,213,206,194,193,187,185,181,180,179,177,167,165,159,158,153,152,151,149,141,140,132,129,125,124,123,120,117,116,102,101,94,91,88,82,72,70,66,64,61,53,42,35,32,31,30,25,16,14,7;
DEBEN; 230,226,90,41,26,8;
DEBER; 60;
DEBERÁ; 90,53;
DEBIDO; 8;
DECIDIR; 237;
DECIR; 189,145,98,76,74,64,40;
DECISIÓN; 8;
DECLARADO; 85;
DECRETO; 12;
DEDICADOS; 133;
DEFECTO; 85,239,118,18;
DEJA; 179;
DEJANDO; 128;
DEJAR; 117,116,23;
DEJE; 149,118;
DEL; 31,47,37,42,61,8,225,90,35,12,187,85,33,226,184,154,99,94,86,38,32,230,142,112,111,110,109,108,107,104,102,101,92,89,59,58,56,54,51,50,48,43,40,39,34,18,9,242,236,210,201,189,172,162,160,159,158,157,156,153,149,145,138,134,120,119,114,103,100,91,88,82,67,64,63,49,44,247,246,245,244,241,239,237,234,233,232,229,216,213,212,205,200,199,198,194,191,188,186,185,180,170,169,167,166,165,152,151,150,147,144,137,136,135,130,126,122,117,106,105,97,96,95,93,87,69,68,66,62,60,52,45,28,27,26,23,22,11,3,2;
DELIMITADO; 90;
DENTRO; 101;
DEPENDIENDO; 193,192,155,89,76,8;
DEPLEGABLE; 224;
DEPOSITO; 242;
DEPÓSITOS; 242,233;
DERECHA; 211,8;
DERECHO; 28;
DERECHOS; 3;
DESACTIVAR; 69,191;
DESASIGNACIÓN; 81;
DESASIGNAR; 81,8;
DESCARGA; 143,90;
DESCARGAR; 90;
DESCARGARÁ; 141;
DESCARGUE; 134,136,9,139,138,237,22;
DESCRIBEN; 105;
DESCRIPCIÓN; 31,47,12,61,193,85,71,37,18,225,187,184,179,172,162,156,149,92,42,27,26,23;
DESCRITA; 141,69;
DESCRITAS; 233;
DESCRITO; 226,18;
DESDE; 71,230,228,177,161,131,117,116,70,9;
DESEA; 8,136,23,211,172,76,26,16,236,235,234,232,212,210,206,205,149,140,132,128,79,78,69,64,49,37,28,27,22,20,245,242,240,239,223,219,215,213,208,204,203,196,195,193,188,187,186,184,177,175,174,167,165,164,162,160,159,158,156,153,152,151,150,145,143,141,138,135,134,130,129,122,121,118,117,116,102,100,95,90,82,81,74,73,68,67,63,62,61,50,45,42,40,35,33,25,21,18,15,14;
DESEADA; 9;
DESEADO; 61;
DESEE; 169,87,12;
DESMARCADA; 149,94,27;
DESPACHADOR; 156;
DESPACHO; 85,119,102,91,89,101,100,90,88,86,94,87,45,34,15,230,229,143,131,112,111,110,109,108,107,99,97,96,92,74,46,21,227,216,210,154,145,144,142,140,139,134,120,114,104,103,95,71,50,40,27,9;
DESPACHOS; 227,108,145,9,228,146,128,122,111,110,107,84,130,121,90,87,230,226,136,114,91,31,231,229,119,112,109,86,224,144,135,105,100,99,96,95,89,88,85,27,232,225,222,220,218,154,143,142,140,139,129,127,120,102,98,97,94,93,92,21,5;
DESPLEGABLE; 85,47,26,23,94,92,61,31,27,18;
DESPLEGARÁ; 172,108,75,74,73,72,62;
DESPLIEGA; 204,94;
DESTINATARIO; 230,138,22,9;
DESTINATARIOS; 22,230,11;
DESTINO; 71,23,85,210,154,114,113,106,100,94,82,78,75,74,73,72,70,61,12,9;
DESTINOS; 12;
DESTRUIR; 3;
DETALLADA; 102,101,33,144,120,100,86,72,58,56,54,48,32,21,15,13,227,224,223,220,219,210,208,196,185,165,159,157,152,150,139,136,134,126,122,119,114,111,110,109,108,107,106,99,95,89,88,80,76,74,64,50,45,43,40,38,34,16;
DETALLADAS; 136;
DETALLADO; 120,119,108;
DETALLE; 136,142,135,76,223,146,145,139,138,131,106,105,80,74,9;
DETERMINADA; 181,120,110,25;
DETERMINADO; 241,201,200,184,180,168,167,156,147,140,94,48;
DETERMINADOS; 115;
DETRANSPORTADORAS; 14;
DIALOGO; 8;
DIARIA; 106;
DIARIO; 132;
DICHA; 12,47,31,196,193,191,136,125,115,110,79,78,76,71,51,23,13,8;
DICHO; 149,156,111,104,97,96,94,46,12,8;
DICHOS; 109,108,29;
DIFERENCIA; 117;
DIFERENTE; 160;
DIFERENTES; 214,156,105;
DIFUSIÓN; 3;
DIGITACIÓN; 166;
DIGITADO; 8,7;
DIGITANDO; 245;
DIGITAR; 166,180,179,167,122,102,28,27,25,7;
DIGITE; 37,31,12,47,42,85,18,149,61,162,92,71,240,225,206,193,172,27,23,246,244,242,241,239,237,236,235,234,232,230,212,211,210,209,208,205,204,203,198,191,166,156,154,137,125,97,96,91,50,8;
DIGÍTELA; 12;
DIGÍTELO; 51,26;
DIJO; 31;
DILIGENCIADA; 141;
DILIGENCIADO; 229,90,31,26;
DILIGENCIADOS; 18,8;
DILIGENCIAR; 37,241,225,193,187,184,172,166,162,149,104,92,85,71,61,47,42,31,27,26,23,22,18,12;
DILIGENCIE; 222,205;
DILIGENCIELA; 231;
DIRECCIONAMIENTO; 210;
DIRECCIONES; 7;
DIRECCIÓN; 37,12,18,61,31,149,7;
DIRECTAMENTE; 8,185,115,114,113,82,81,80,78,75,74,73,72,69,68,67,64,63,62;
DIRIGIDA; 3;
DIRIGIDO; 141;
DIRÍJASE; 66;
DISCO; 6;
DISEÑADO; 230;
DISPONIBILIDAD; 113;
DISPONIBLES; 113;
DISPOSICIÓN; 214,143;
DISPOSITIVO; 161;
DISPOSITIVOS; 178,177;
DISTANCIA; 71;
DISTINTO; 7;
DISTRIBUCIÓN; 3,61,12;
DOBLE; 6;
DOCUMENTO; 37,3,31,85,141,90,40,35,8,231,56,54,39,38,34,33,32;
DOCUMENTO/DESPACHO; 85;
DOCUMENTOS; 115,30,90;
DOMICILIO; 37,31;
DONDE; 61,102,28,27,12,8,241,218,213,188,172,166,156,122,104,94,88,60,47,31,26,25,23,18,9;
DOS; 188,104,9;
DUPLICADOS; 8;
DURANTE; 225,192,189,60;
DURO; 6;
DÉJELA; 94,27;
DÍA; 128;
DÍAS; 136,128,139;
DÍGITO; 37;
