ICONO; 172;
ID; 92;
IDENTIFICA; 27;
IDENTIFICACIÓN; 172,141,37,8;
IDENTIFICAR; 156,37;
IGUAL; 41,14,6;
IGUALAR; 82;
ILUSTRACIÓN; 31,136,90,236,235,138,47,28,12,239,237,144,102,94,92,76,74,69,68,67,64,40,34,23,242,230,226,224,223,213,208,204,200,196,195,185,170,166,154,149,145,142,141,137,135,134,131,91,89,87,86,81,80,79,78,75,73,72,63,58,56,54,49,48,45,44,43,39,38,37,35,33,32,27,26,25,22,21,20,15,13,246,241,240,238,234,229,227,222,220,219,218,212,210,209,206,205,203,201,199,194,191,188,186,181,174,169,167,165,164,160,159,158,157,153,152,151,150,143,140,139,132,129,128,106,104,103,101,100,99,97,96,95,88,85,71,66,62,51,50,19,16,14,247,245,244,232,231,225,215,211,198,193,187,184,179,178,177,175,173,172,163,162,156,146,130,127,83,82,61,42,18,8,7;
IMAGEN; 42,23,149,119,118,92,90,80,61,47,43,38,31;
IMPACTOS; 210,189;
IMPLEMENTADA; 238;
IMPLEMENTAR; 137;
IMPORTACIÓN; 90,231,228,139;
IMPORTADO; 90;
IMPORTANTE; 8,30;
IMPORTAR; 90,231;
IMPOSIBLE; 196,159,50,45,21,15;
IMPRESIÓN; 97,96,35,51;
IMPRESORA; 8;
IMPRIMIR; 8,35,97,96,51,93,29;
IMPRIMIRLA; 51;
IMPRIMIRLO; 97,96;
INACTIVACIÓN; 241,153,76,52;
INACTIVAR; 76,16,153,58,56,54,55,147,59,57,53,26;
INACTIVARLA; 27;
INACTIVAS; 76;
INACTIVO; 179,58,56,54;
INACTIVOS; 57,53;
INALÁMBRICAS; 161;
INALÁMBRICO; 161;
INCIDENTES; 30;
INCLUIDO; 46;
INCLUIDOS; 8,90;
INCLUIR; 141,99,46;
INCLUYE; 156,70,66,61;
INCLUYENDO; 106,23;
INDEX; 27;
INDICA; 156,153,102,88,81,47,7;
INDICADA; 196,94;
INDICADO; 177;
INDICADOR; 37,12,144,138,162,139,137,136,31,134,193,135,61,156,154,149,146,120,47;
INDICADORES; 133,120;
INDICAR; 218,216,179,102,37,23;
INDICARÁ; 71;
INDICÁNDOLE; 8;
INDISPENSABLE; 30;
INDIVIDUAL; 136;
INFERIOR; 136,149,236,234,226,213,212,169,159,152,97,96,58,56,54,50,35,22;
INFORMACIÓN; 8,102,33,9,230,185,144,138,128,120,101,86,38,32,13,12,3,246,245,231,228,210,186,170,159,158,157,151,150,145,143,142,141,139,131,122,118,115,112,111,110,109,108,107,100,99,89,85,80,79,73,72,64,58,56,54,49,48,43,23,22,21,15,14,241,239,234,233,232,227,224,223,220,219,212,211,209,208,196,189,179,174,166,165,164,161,154,153,152,148,146,140,136,134,127,126,125,121,119,117,116,114,106,104,95,93,91,90,88,87,76,75,74,71,63,59,50,46,45,41,40,37,34,31,30,29,20,18,16,11,7;
INFORME; 145,143,123,132,126,215,142,140,122,144,125,124,119,118,117,116,146,139,136,134,131,130,129,128,127,121,120,114,112,111,110,109,107,138,135,113,108,106;
INFORMES; 105,133,108,15;
INGRESADO; 191,154,117,116,22;
INGRESADOS; 199,43,41,38,32,8;
INGRESANDO; 193,195,85,23,7;
INGRESAR; 7,22,57,53,100,61,8,218,212,194,174,173,166,164,163,160,153,148,125,124,122,111,110,109,107,89,82,75,74,73,72,58,56,54,49,47,45,44,42,40,39,35,34,33,30,28,27,21,18,16,15,14,11,9;
INGRESARLO; 61;
INGRESARÁ; 8;
INGRESE; 225,117,116,94,201,200,196,170,167,127,92,91,90,75,69,68,67,66,64,63,62,61,47,42;
INGRESO; 141,42,31,23,22,12;
INGRESÓ; 149;
INHABILITACIÓN; 52;
INHABILITADOS; 57,53;
INHABILITAR; 8;
INICIAL; 117,116,218,146,140,134,21,15,12;
INICIALES; 170;
INICIALMENTE; 166;
INICIAR; 7;
INICIE; 51;
INICIO; 187,184,245,232,94,8;
INMEDIATA; 94,90;
INMEDIATAMENTE; 26,3;
INSCRITO; 31;
INSERCIÓN; 229,209,149,244,242,236,235,222,218,213,212,204,203,198,193,172,156,94,92,85,68,18;
INSERTA; 23;
INSERTADO; 47,71;
INSERTADOS; 8;
INSERTANDO; 162,47,141;
INSERTAR; 71,47,37,18,198,193,162,61,229,203,42,12,244,222,218,184,156,149,94,85,66,31,26,172,8,23,242,239,236,235,189,104,91,59,46,240,234,233,228,168,161,147,99,93,84,75,33,29,14,11;
INSERTARLE; 187,184,23,18;
INSERTE; 61;
INSTRUCCIONES; 1;
INSTRUCTIVO; 231;
INSTRUCTIVOS; 214;
INTERCAMBIA; 7;
INTERFAZ; 28,103;
INTERNACIONAL; 12;
INTERNACIONALES; 31;
INTERNET; 61,7,6;
INTERVALO; 179;
INTERVALOS; 179;
INTRARED; 3,27,7,2;
INTRARED.NET; 3;
INTRODUCCIÓN; 4;
INTRODUCIR; 8;
IR; 60,31,12,8;
ISO; 12;
IZQUIERDA; 136;
IZQUIERDO; 28;
