L&T; 139;
LA; 12,8,31,47,85,9,23,18,71,136,61,37,149,42,28,15,90,21,138,140,73,26,193,117,75,74,22,16,14,7,237,235,211,139,116,78,35,20,13,225,224,210,209,208,204,137,128,104,94,89,80,76,32,27,236,232,220,212,205,196,142,99,92,81,79,72,68,60,49,48,43,33,11,3,241,240,234,233,226,206,195,187,186,172,170,167,166,159,156,154,153,145,144,122,115,102,58,51,50,38,34,25,246,245,238,231,229,228,223,213,194,189,185,184,181,179,157,152,143,135,118,106,100,66,56,54,45,230,219,218,188,177,175,174,168,165,164,162,158,151,147,146,141,134,131,127,126,125,120,108,105,70,69,67,59,57,53,44,40,39,29,247,242,239,215,199,191,178,173,163,150,148,124,123,119,114,113,103,101,97,96,93,88,82,64,63,55,41,36,30,19,244,227,222,214,203,201,200,190,180,169,160,155,133,129,121,112,111,110,109,107,98,95,87,86,84,62,52,5;
LABORAL; 141;
LABORALES; 31,141;
LABORAN; 148;
LABORÓ; 31;
LADO; 28;
LARGO; 42,115;
LAS; 136,13,237,225,205,192,189,132,122,110,102,72,71,70,47,36,12,235,232,223,219,216,206,195,194,181,177,174,170,169,161,126,125,124,101,98,94,90,80,74,66,61,60,55,49,34,31,27,26,21,20,19,16,15,11,243,238,233,230,228,224,221,220,217,213,212,211,207,204,197,193,191,183,182,179,176,175,173,172,171,156,155,148,147,146,143,140,138,134,133,129,121,117,116,105,104,99,91,89,88,86,83,82,79,78,77,76,75,73,65,59,51,50,46,44,41,39,33,30,29,28,25,24,22,18,17,14,9,5,3;
LATITUD; 61;
LE; 8,9,149,88,12,7,204,196,159,154,142,138,92,91,90,89,74,61,47,45,40,35,34,31,28,23,21,15,240,237,229,214,213,212,206,205,203,198,191,169,146,144,137,135,134,131,127,103,100,99,94,83,82,81,79,78,76,75,71,68,64,58,56,54,44,39,37,22,16,14;
LEGALES; 12;
LENGUAJE; 6;
LEY; 3;
LIBRETA; 31;
LIC; 47;
LICENCIA; 31,47;
LIDERES; 226;
LIMPIOS; 145;
LINUX; 6;
LIST; 47;
LISTA; 47,85,31,42,37,71,61,23,225,162,12,187,149,92,66,26,193,192,184,172,156,146,122,94,90,75,74,73,72,70,62,27,18;
LISTADO; 67,8,226,111,26,23,247,245,242,240,239,238,236,235,230,223,219,213,212,205,204,201,200,199,195,194,191,181,173,169,167,164,163,160,158,157,151,123,114,113,112,110,109,108,107,106,103,100,96,95,91,89,80,79,78,69,64,58,56,54,48,43,38,35,28,19,13,246,234,232,227,206,203,196,186,185,178,174,165,159,153,152,150,149,144,135,129,119,102,99,97,94,87,86,81,76,75,74,73,72,68,63,62,49,45,44,40,39,34,32,27,25,22,20,11;
LISTAR; 223,219,194,185,173,157,150,86,80,32,19,13,245,238,199,163,72,67,62,48,43,38,25,8,156,215,189,147,84,83,59,33,29,20;
LISTARLAS; 196;
LISTARLOS; 185,34;
LISTARÁ; 28,27;
LISTARÁN; 174,124,79,63,25;
LLAMADOS; 60;
LLEGADA; 100,27,89,138,113,106,102,94;
LLEGADAS; 98;
LLEGAR; 71,100,60;
LLEVAR; 231;
LLUSTRACIÓN; 122,120,110,127,126,125,124,123,121,119,118,117,116,114,113,112,111,109,108,107,238,115,106;
LO; 90,85,57,53,27,26,225,196,181,160,153,145,128,118,115,102,100,94,81,76,69,68,67,64,63,62,50,47,44,39,31,28,25,20,19,9,8;
LOGIN; 7;
LOGISTICOS; 212;
LOGÍSTICA; 242,236,235,233,133,98,59,27,5;
LOGÍSTICO; 226;
LOGÍSTICOS; 212,189,5;
LONGITUD; 61;
LOS; 8,156,61,60,55,36,149,30,12,71,66,33,179,169,164,148,136,111,87,84,68,59,48,26,23,20,9,239,236,234,226,215,203,200,189,168,158,151,121,114,100,92,90,63,58,56,54,50,44,43,41,39,38,37,28,25,22,18,11,3,242,240,237,233,231,230,228,227,214,210,204,199,195,186,185,184,178,174,170,163,162,157,155,146,145,142,139,128,124,123,119,118,117,116,115,113,112,110,109,107,105,102,94,93,91,79,69,67,62,51,49,42,35,32,31,29,27,19,247,246,245,244,241,232,229,223,222,219,211,209,208,206,205,201,198,193,188,187,172,167,166,165,160,159,153,152,150,147,144,143,137,133,131,130,129,126,108,106,104,103,101,98,97,96,86,85,81,80,76,73,70,64,57,53,52,47,46,45,40,34,15,14,5;
LOTES; 115;
LTDA; 3;
LUEGO; 225,91,89,45,40,227,226,222,166,165,159,152,132,129,125,102,99,94,90,88,82,81,76,75,74,73,61,51,50,49,47,44,43,42,39,38,37,35,34,33,32,31,26,20,19,8;
LUGARES; 190,60,191;
LUSTRACIÓN; 119,111,108;
LÍNEA; 47;
LÍNEAS; 47;
