A1; 31;
AAA000; 47;
AAAA; 12,85;
AAAA-MM-DD; 12;
AAAA/MM/DD; 85;
ABREVIATURA; 37,12;
ABRIR; 90,61,47,42,31,7;
ACCEDER; 156,148;
ACCESO; 162;
ACCESOS; 156;
ACCIDENTE; 138,31;
ACCIONES; 8,233;
ACCIÓN; 8,89,246,240,232,131,76,69,68,16;
ACEPTAR; 230,218,149,89,20,247,244,242,239,236,235,234,232,229,226,224,222,220,215,212,211,206,203,188,187,186,184,181,179,172,170,169,166,160,158,151,141,114,104,102,100,92,91,90,87,71,58,56,54,47,42,37,33,31,22,19,18,16,8,7;
ACEPTE; 8;
ACOMPAÑAR; 61;
ACTIVA; 27;
ACTIVACIÓN; 153,76,52;
ACTIVACIÓN/INACTIVACIÓN; 153;
ACTIVADA; 85;
ACTIVADO; 71;
ACTIVAR; 76,16,153,58,56,54,55,191,177,147,71,59,57,53,27,26;
ACTIVAR-INACTIVAR; 147,59;
ACTIVAR/INACTIVAR; 153,16,76,58,56,54,57,55,53;
ACTIVAS; 76;
ACTIVE; 61,47,12;
ACTIVIDAD; 55;
ACTIVIDADES; 47,37,31,55,36;
ACTIVO; 179,23,226,127,103,58,56,54,27;
ACTIVO/INACTIVO; 179;
ACTIVOS; 83,9;
ACTUAL; 166,137,225,186,118;
ACTUALICE; 186;
ACTUALIZA; 8;
ACTUALIZACIÓN; 246,39,242,239,236,200,195,164,158,151,87,79,73,63,49,44,27,23,20,14,8;
ACTUALIZADA; 142;
ACTUALIZAR; 49,200,79,63,33,20,14,195,174,158,151,87,73,44,8,246,164,68,39,186,242,239,236,59,23,235,233,203,189,156,147,84,29;
ACTUALIZÓ; 8;
ACTUALMENTE; 166,137;
ACUERDO; 9,170,145,60,16,8;
ADECUADA; 30;
ADICIONAL; 189,168,144,105,85,84,59,21,15;
ADICIONALES; 170,37,168,66,61,47;
ADICIONALMENTE; 196,159,101,88,74,64;
ADICIONAR; 71;
ADJUNTA; 144;
ADJUNTADO; 231;
ADMINISTRA; 11;
ADMINISTRACIÓN; 5;
ADMINISTRADOR; 9;
ADMINISTRAR; 154,233,189,147,59;
ADMIN_CLIENTE; 2;
ADQUIRIR; 66;
ADVERTENCIA; 28,74;
AFECTA; 15;
AFILIADO; 31,47;
AGENCIA; 12,18,21,20,85,226,27;
AGENCIAS; 20,19,21,18,17,11,27,13;
AGREGADO; 214;
AGREGAR; 210,204,181,178,102,90,75;
AGREGARLE; 22;
AGRÉGUELOS; 75;
AHORA; 79,78,75,7;
AJAX; 6;
AL; 31,14,149,100,61,40,21,16,15,188,187,184,174,172,164,160,142,111,110,104,102,99,92,91,90,68,49,47,46,45,44,42,39,34,33,28,22,12,246,237,235,228,225,218,206,204,195,193,192,189,179,173,169,167,163,158,156,154,153,151,148,132,126,122,117,116,109,108,107,106,103,101,98,95,94,89,87,86,85,84,81,79,73,69,67,63,60,58,56,54,41,35,23,20,13,8,7,3;
ALARMA; 172,193,175,177,140,117;
ALARMAS; 177,181,174,9,175,168,99,5;
ALERTA; 103,7,34;
ALERTAS; 173,172,171,181,174,175,168;
ALFANUMÉRICO; 37,31,12,61,47,149,85,42,162,92,225,193,172,156,71;
ALGUNA; 138,40,237,235,232,212,205,102,100;
ALGUNO; 104,92,80,51,50;
ALGUNOS; 7;
ALGÚN; 159,236,196,165,142,55,45,36,34,21,15;
ALLÍ; 233,213,135,133,131,93,84,59,11,9,8;
ALMACENADAS; 235;
ALMACENADO; 31;
ALMACENADOS; 242,240,236,234;
ALMACENAMIENTO; 90;
ALTIMETRÍA; 61;
ALTO; 42,61;
AMAZON; 6;
AMZN1; 6;
ANCHO; 42,6;
ANTECEDENTES; 30;
ANTERIOMENTE; 141;
ANTERIOR; 26,149,117,87,49,23;
ANTERIORES; 71,51,50,34,15;
ANTERIORMENTE; 238,230,139,69,55,18;
ANTES; 102,46;
ANTIGUEDAD; 31;
ANULACIÓN; 224,220,89;
ANULAR; 224,220,89,93,84,8;
AP; 27,7,2;
AP.INTRARED.NET; 27;
APACHE; 6;
APARECE; 88,74,64,12,42;
APARECERÁ; 8,23,204,166,154,142,138,74,64,45,40,34,28,27,26,20,7,246,240,237,236,234,225,224,220,218,206,203,194,191,184,181,177,173,170,169,167,162,158,157,156,153,151,149,146,144,140,137,134,131,129,127,113,104,103,102,97,96,92,88,85,79,78,76,73,68,67,63,61,58,56,54,47,44,43,39,37,35,31,25,22,21,18,15,13,12,9;
APARECERÁN; 136,35;
APAREZCA; 7;
APELLIDO; 37,31,149;
APLICA; 12;
APLICACIONES; 161;
APLICACIÓN; 8,7,157,99,21,15,247,235,234,233,232,223,219,215,214,199,194,189,185,177,175,173,172,168,165,164,163,162,159,156,155,153,152,150,149,148,147,138,100,76,75,70,66,61,58,57,56,54,53,48,43,41,38,32,29,23,20,16,14,13,9;
APLICARÁ; 89;
APLICATIVO; 154;
APOYADO; 5;
APROXIMADO; 87,86;
AQUELLOS; 60,115;
AQUI; 208,204;
AQUÍ; 177,14;
ARCHIVO; 90,126,125,124,123,122,121,119,118,116,114,112,111,110,109,107,84,61,47,8;
ARCHIVOS; 231,228,42;
ARP; 31;
ARRIBA; 90;
ARROJARÁ; 28,212,198,91,90,81;
ASCENDENTE; 205;
ASEGURADORA; 37,85,47;
ASEGURADORAS; 55,36;
ASEGURADOS; 36;
ASIGNA; 241,156;
ASIGNACIÓN; 238,182,206,204,237,205,188,187,186,185,184,149,78,66,12;
ASIGNADA; 196,79,74,15,82,21;
ASIGNADAS; 136,132,230,181,80,79,21;
ASIGNADO; 132,45,34,95,88,64,50,47,9,210,201,167,160,98,71,60,40,15,12;
ASIGNADOS; 210,209,110,101,50,25,11,9,8;
ASIGNAR; 78,206,204,237,26,149,238,216,189,181,147,94,71,47,31,8;
ASIGNAR/DESASIGNAR; 8;
ASIGNARLE; 149,78,61,26;
ASIGNE; 204;
ASISTENCIA; 27;
ASOCIADOS; 204,208;
ASOCIAR; 211,115;
ASOCIARÁ; 231;
ASPECTOS; 36;
ASTERISCO; 8;
ASTRANS; 131,230,228;
ASÍ; 156,57,53,9,225,181,160,159,152,122,121,119,113,102,101,90,76,50,49,45,44,40,39,34,31,28,27;
AUDITORÍA; 142;
AUTENTICIDAD; 30;
AUTOCOMPLETAR; 225;
AUTOMÁTICA; 27;
AUTOMÁTICAMENTE; 225,170,156,149,94,47;
AUTORIZACIONES; 169;
AUTORIZACIÓN; 169,168,3;
AUTORIZADO; 12,3;
AUTORIZADOS; 148;
AVISO; 167,180,108,7;
AYUDA; 154,127,214,212,133;
AÑO; 137,47,42;
